%YAML:1.0
---
R: !!opencv-matrix
   rows: 3
   cols: 3
   dt: d
   data: [ 9.9983020026380176e-01, -1.6694835402972473e-02,
       -7.8008404235561900e-03, 1.6566663864348873e-02,
       9.9973125836607879e-01, -1.6215939509702092e-02,
       8.0694664539738108e-03, 1.6083952146294669e-02,
       9.9983808198853075e-01 ]
T: !!opencv-matrix
   rows: 3
   cols: 1
   dt: d
   data: [ -1.3223507484096743e+02, 2.9313090712084555e-01,
       -2.0751988440374824e+00 ]
R1: !!opencv-matrix
   rows: 3
   cols: 3
   dt: d
   data: [ 9.9979455004251760e-01, -1.8656228058748139e-02,
       7.9248255438002790e-03, 1.8720637450403390e-02,
       9.9979167724981599e-01, -8.1326401279206463e-03,
       -7.7714502334020599e-03, 8.2793270632153318e-03,
       9.9993552657391371e-01 ]
R2: !!opencv-matrix
   rows: 3
   cols: 3
   dt: d
   data: [ 9.9987442754889733e-01, -2.2164626012185738e-03,
       1.5691285074913262e-02, 2.0895426300163757e-03,
       9.9996500850922676e-01, 8.1003437420487726e-03,
       -1.5708690122417615e-02, -8.0665389529465375e-03,
       9.9984407184518453e-01 ]
P1: !!opencv-matrix
   rows: 3
   cols: 4
   dt: d
   data: [ 1.3630809473457641e+03, 0., 6.2003417205810547e+02, 0., 0.,
       1.3630809473457641e+03, 4.8034706497192383e+02, 0., 0., 0., 1.,
       0. ]
P2: !!opencv-matrix
   rows: 3
   cols: 4
   dt: d
   data: [ 1.3630809473457641e+03, 0., 6.2003417205810547e+02,
       -1.8026974800068000e+05, 0., 1.3630809473457641e+03,
       4.8034706497192383e+02, 0., 0., 0., 1., 0. ]
Q: !!opencv-matrix
   rows: 4
   cols: 4
   dt: d
   data: [ 1., 0., 0., -6.2003417205810547e+02, 0., 1., 0.,
       -4.8034706497192383e+02, 0., 0., 0., 1.3630809473457641e+03, 0.,
       0., 7.5613405047896473e-03, 0. ]
validRoi1: [ 26, 20, 1211, 892 ]
validRoi2: [ 34, 37, 1225, 909 ]
