%YAML:1.0
---
M1: !!opencv-matrix
   rows: 3
   cols: 3
   dt: d
   data: [ 1.4131333724905876e+03, 0., 6.4020621015511256e+02, 0.,
       1.4220507186444136e+03, 4.8039796598423356e+02, 0., 0., 1. ]
D1: !!opencv-matrix
   rows: 1
   cols: 14
   dt: d
   data: [ -1.8384536442162570e-02, 1.0852334629065971e-01, 0., 0., 0.,
       0., 0., 0., 0., 0., 0., 0., 0., 0. ]
M2: !!opencv-matrix
   rows: 3
   cols: 3
   dt: d
   data: [ 1.4131333724905876e+03, 0., 6.4028111732509308e+02, 0.,
       1.4220507186444136e+03, 4.8028147829587272e+02, 0., 0., 1. ]
D2: !!opencv-matrix
   rows: 1
   cols: 14
   dt: d
   data: [ -1.1644862676913754e-01, 4.1915144408533117e-01, 0., 0., 0.,
       0., 0., 0., 0., 0., 0., 0., 0., 0. ]
F: !!opencv-matrix
   rows: 3
   cols: 3
   dt: d
   data: [ 5.1520297310391435e-09, 2.8972270397410762e-07,
       -9.1077071874363268e-05, -1.4041691745126355e-07,
       2.9928060117901530e-07, 2.5981649083628683e-02,
       -4.2799050461631271e-04, -2.6357837705706346e-02, 1. ]
